chr	probe_start	probe_end	coverage	targeted.base	sequenced.base	copy.number	logR	ratio	spec	sens	average.coverage
chr1	22306346	22342865	736166	28731	0	1	-0.367	0.775393206347005	1	1	25.6227071803975
chr1	22342996	119791502	1132251	43223	0	2	-0.1277	0.915289477436593	1	1	26.1955671748837
chr10	104580223	123221074	241414	8370	0	2	-0.0485	0.966941155268228	1	1	28.8427718040621
chr10	123221695	123222455	20502	761	0	4	1.17869833115764	2.26372440790115	0.99999999999999	0.5	26.9408672798949
chr10	123222749	123237774	302516	12093	0	2	-0.0485	0.966941155268228	1	1	25.0157942611428
chr10	123238059	123238579	12680	521	0	3	0.719129882267816	1.64618888620209	0.999905332127612	0.5	24.3378119001919
chr10	123238886	123247008	137422	5410	0	2	-0.0485	0.966941155268228	1	1	25.4014787430684
chr10	123247484	123248204	21655	721	0	4	1.17761343649339	2.26202274588376	0.999999999999998	0.5	30.0346740638003
chr10	123248386	123263539	330035	12691	0	2	-0.0485	0.966941155268228	1	1	26.0054369238043
chr10	123263684	123268964	138548	5281	0	3	0.585514544294957	1.50057408099840	1	0.5	26.2351827305435
chr10	123268980	123269100	1384	121	0	2	-0.0485	0.966941155268228	1	1	11.4380165289256
chr10	123269195	123270155	25553	961	0	3	0.790491244686008	1.72966332113815	0.99999994180531	0.5	26.5900104058273
chr10	123270446	123294834	472423	18498	0	2	-0.0485	0.966941155268228	1	1	25.539139366418
chr10	123295048	123295688	12756	641	0	3	0.726596905581781	1.65473122943444	0.99990944540928	0.5	19.9001560062402
chr10	123295859	123350465	953428	38599	0	2	-0.0485	0.966941155268228	1	1	24.7008471722065
chr10	123350520	123351160	19245	641	0	3	0.693862400211612	1.61760840688181	0.999997874666472	0.5	30.0234009360374
chr10	123353491	123357650	71992	2686	0	2	-0.0485	0.966941155268228	1	1	26.8026805658972
chr11	32355867	32360930	106336	3884	0	2	-0.0384	0.973734254651807	1	1	27.3779608650875
chr11	32361159	32362399	35717	1241	0	4	1.21920423911984	2.32818264110015	1	0.5	28.7808219178082
chr11	32362612	32403004	687297	26788	0	2	-0.0384	0.973734254651807	1	1	25.6568986113185
chr11	32403324	32418210	299758	14049	0	1	-0.4228	0.745975420329815	1	1	21.3366075877287
chr11	32418227	32423262	68535	3287	0	2	0.0471	1.03318600019851	0.999996673874651	0.999996396683592	20.8503194402190
chr12	47767765	52113288	358236	13576	0	2	-0.2461	0.843172663949067	1	1	26.3874484384207
chr13	21140841	21161468	367580	18259	0	2	0.0145	1.01010131137845	1	1	20.1314420285886
chr13	21161553	21162313	18572	761	0	1	-1.03822712658022	0.486925470514023	0.999999999999838	0.5	24.4047306176084
chr13	21163298	21182136	358874	16581	0	2	0.0145	1.01010131137845	1	1	21.6436885591943
chr15	72407110	72445684	517849	19064	0	2	-0.2526	0.839382331045292	1	1	27.1637117079312
chr15	72446390	72447470	27223	1081	0	3	0.607115754354323	1.52321094933295	0.999999977434123	0.5	25.1831637372803
chr15	72447609	72456907	179297	7169	0	2	-0.2526	0.839382331045292	1	1	25.0100432417353
chr17	67618746	75380982	818505	36243	0	2	-0.1859	0.879100493402846	1	1	22.5838092873107
chr19	2200059	17793364	66248	4787	0	1	-0.5584	0.67905484219202	0.99999526698004	0.99999487208996	13.8391476916649
chr2	31593544	48773958	905869	40518	0	2	0.0536	1.03785147711818	1	1	22.3571992694605
chr2	48774103	48775583	32790	1481	0	3	0.707139074055255	1.63256346185773	0.999999999029964	0.5	22.1404456448346
chr2	48776664	48841402	893961	38179	0	2	0.0536	1.03785147711818	1	1	23.4149925351633
chr5	56141656	56199070	798553	41898	0	2	0.2022	1.15045136872088	1	1	19.0594539118812
chr5	56201137	56201657	10123	521	0	1	-1.77866757781112	0.291452447542504	0.99999996234057	0.5	19.4299424184261
chr5	56201754	56209090	109875	5929	0	2	0.2022	1.15045136872088	1	1	18.5317928824422
chr5	56210496	56213616	58086	3121	0	3	0.752836108743383	1.68510221923576	1	0.500000000000001	18.6113425184236
chr5	56213620	56230367	186837	10218	0	2	0.2022	1.15045136872088	1	1	18.2850851438638
chr6	116703505	116708905	112288	5401	0	2	-0.0199	0.986301067304456	0.99999999683089	0.999999994192197	20.7902240325866
chr7	75373099	75395678	255444	10746	0	2	-0.1544	0.898505973319796	1	1	23.7710776102736
chr7	75395763	75396523	18988	761	0	4	1.11280115621159	2.16265143247873	0.999999999999912	0.5	24.9513797634691
chr7	75396800	75411267	78564	3532	0	2	-0.1544	0.898505973319796	1	1	22.2434881087203
chr7	75412670	75413550	26088	881	0	3	0.827356538437869	1.77443107768525	0.999999957047074	0.5	29.6118047673099
chr7	75413954	75445478	364308	13743	0	2	-0.1544	0.898505973319796	1	1	26.5086225714909
chr7	75446397	75450237	96109	3841	0	1	-1.64061309165582	0.320720151308328	1	0.5	25.0218693048685
chr7	75450597	75455877	113081	5281	0	2	-0.1544	0.898505973319796	1	1	21.4128006059458
chr8	11571804	11593093	27872	1402	0	2	-0.2354	0.849449449089723	1	1	19.8801711840228
chr8	11593329	11593969	16313	641	0	1	-1.01985792994002	0.493164914498106	0.999999999995666	0.5	25.4492979719189
chr8	11594003	11659802	482579	21659	0	2	-0.2354	0.849449449089723	1	1	22.2807608846207
chr8	11660244	11660444	5730	201	0	1	-1.05816822126327	0.480241431555209	0.999973967917993	0.5	28.5074626865672
chr8	11660468	11661611	25429	1042	0	2	-0.2354	0.849449449089723	1	1	24.4040307101727
chr8	38116319	38116759	12738	441	0	1	-1.05359387971387	0.481766545751229	0.999999999194125	0.5	28.8843537414966
chr8	38117717	38118837	25806	1121	0	1	-1.30183808780998	0.405609096328578	1	0.5	23.0205173951829
chr8	38118848	106400941	225105	9796	0	2	-0.2354	0.849449449089723	1	1	22.9792772560229
chr8	106500044	106886484	222317	10931	0	3	0.2629	1.19988820957775	0.999999999654654	0.999999999741546	20.3382124233830
chr9	821839	98051002	2587835	114905	0	2	0.0105	1.00730459473829	1	1	22.5215177755537
chr9	98051401	98052721	31418	1321	0	1	-1.10080001447935	0.466257871125216	1	0.5	23.7834973504921
chr9	98053007	98056184	51492	2325	0	2	0.0105	1.00730459473829	1	1	22.1470967741935
chr9	98056354	98057234	25232	881	0	3	0.610425944093353	1.52670989122851	0.999999930167433	0.5	28.6401816118048
chr9	98057791	98113105	340143	15233	0	2	0.0105	1.00730459473829	1	1	22.3293507516576
chr9	126273300	126310431	650952	29720	0	1	-0.6434	0.640202404259037	1	1	21.9028263795424
chr9	126310557	126310797	5919	241	0	1	-1.60874257636881	0.327884003485318	0.999980417465597	0.5	24.5601659751037
chr9	126311366	126319523	115887	4892	0	2	-0.1173	0.921911391894564	0.999999999268883	0.99999999859541	23.6890842191333
chrX	3532371	23635035	299024	14985	0	2	0.1359	1.09877805344628	1	1	19.9548882215549
chrX	24926719	24946674	374389	18745	0	1	-0.3103	0.806474040222485	1	1	19.9727393971726
chrX	24946712	76690137	3721758	163290	0	2	0.0849	1.06061422264447	1	1	22.7923204115378
chrX	76690255	86811801	1417880	87118	0	3	0.3378	1.26382788256135	1	1	16.2753965885351
chrX	101854207	101854527	592	321	0	NA	-1.16714425081883	0.445301923652357	NA	NA	1.84423676012461
chrX	101854561	149443153	2088985	83917	0	2	-0.132	0.912565488543452	1	1	24.8934661629944
chrY	2713886	2714366	3402	481	0	0	-Inf	0	NA	NA	7.07276507276507
chrY	2714577	2716817	26349	2241	0	0	-Inf	0	NA	NA	11.7576974564926
chrY	2904698	2904938	1660	241	0	0	-Inf	0	NA	NA	6.88796680497925
chrY	2905259	2905539	2969	281	0	0	-Inf	0	NA	NA	10.5658362989324
chrY	2905837	2908237	30327	2401	0	0	-Inf	0	NA	NA	12.6309870887130
chrY	20326727	20331167	72378	4441	0	1	-10.6859170081537	0.000607041593675323	1	0.5	16.2976807025445
chrY	21349951	21352791	46340	2841	0	0	-Inf	0	NA	NA	16.3111580429426
chrY	21353160	21353320	1119	161	0	0	-Inf	0	NA	NA	6.95031055900621
chrY	21353587	21353987	5731	401	0	0	-Inf	0	NA	NA	14.2917705735661
chrY	21354274	21354594	4353	321	0	0	-Inf	0	NA	NA	13.5607476635514
