chr1	22306346	22306666	-0.0796800723611983
chr1	22307232	22308792	-0.406096742556403
chr1	22308950	22309230	0.175093617361585
chr1	22309660	22309900	-0.260491670963227
chr1	22310207	22311327	-0.240705842991454
chr1	22311429	22312149	-0.284412244455794
chr1	22312348	22312628	0.00268485137998087
chr1	22312907	22315187	-0.406648765988866
chr1	22315549	22320857	-0.373071406596762
chr1	22321177	22321337	0.124947979876260
chr1	22321463	22322583	-0.518334055797507
chr1	22323148	22323388	-0.79501399121718
chr1	22323772	22324132	-0.21249214520433
chr1	22324246	22324646	-0.267775707575578
chr1	22324749	22325029	-0.288530046903661
chr1	22325125	22325405	-0.430943376531688
chr1	22325581	22325861	-0.726736086149199
chr1	22325980	22326700	-0.372635110196025
chr1	22326836	22327556	-0.279336261124966
chr1	22328370	22329730	-0.532740757604985
chr1	22329765	22330005	0.0227754590134484
chr1	22330437	22330677	-0.376057630940356
chr1	22330809	22331449	-0.889877828923486
chr1	22331562	22332082	-0.773072693575465
chr1	22332334	22333574	-0.777461905529505
chr1	22333739	22334379	-0.211714173301953
chr1	22334498	22335698	-0.472550624187025
chr1	22335831	22337071	-0.434075868103014
chr1	22337325	22337485	0.229484316283212
chr1	22337685	22338325	-0.45068769380974
chr1	22338567	22338727	-0.616230629723505
chr1	22338826	22339346	-0.683999151768903
chr1	22339441	22340161	-0.297664143825875
chr1	22340356	22342865	-0.572985031320407
chr1	22342996	22343636	-0.119460504398078
chr1	22344252	22344372	0.308700861669787
chr1	22344700	22344980	-0.27902924936678
chr1	22345295	22345455	0.378766479447993
chr1	22345721	22346161	-0.148684545089448
chr1	37843489	37845129	-0.215607757225122
chr1	37845231	37846591	-0.157137194189992
chr1	37846733	37846853	0.251247926180733
chr1	37846967	37847207	-0.126154109656116
chr1	37849781	37851565	-0.36870771844233
chr1	37851653	37853493	-0.528648332841066
chr1	37853906	37854266	0.0227931135814881
chr1	37854410	37855410	-0.170885413452736
chr1	37856210	37856490	-0.135477634000073
chr1	37856669	37857189	-0.181075764135738
chr1	37857498	37857898	-0.136363663725007
chr1	37858318	37858478	0.0677405431655811
chr1	37858919	37859439	-0.103232244291838
chr1	37861131	37861611	-0.336319787355051
chr1	37861657	37861777	-0.838277544777493
chr1	37862522	37863002	-0.773577430497907
chr1	37863461	37863941	-0.334389322267273
chr1	37864235	37865675	-0.263184008037977
chr1	37865952	37866432	-0.122383828474260
chr1	37866484	37868524	-0.353271502591057
chr1	37868691	37869131	-0.260956949554792
chr1	37869281	37869801	-0.255318855888512
chr1	37870001	37870761	-0.0988837266709646
chr1	37870957	37871357	-0.279983678237853
chr1	37871494	37873694	-0.498718107298916
chr1	37873772	37873932	0.0979270353061263
chr1	37874096	37874456	-0.251443905996081
chr1	37874485	37874765	-0.285465686283511
chr1	37875349	37875709	-0.0395699966372594
chr1	37876926	37877806	-0.171040083008166
chr1	119758433	119760193	0.0584425552420453
chr1	119760364	119760604	0.198016692446999
chr1	119760656	119761136	0.0403604280038858
chr1	119761331	119762051	-0.188386519725473
chr1	119762143	119762423	0.323846315197099
chr1	119763101	119763861	0.00743407353166203
chr1	119764038	119765518	-0.0396625873849970
chr1	119765716	119767316	-0.205984393705828
chr1	119776180	119778100	-0.178632475300462
chr1	119778175	119778335	0.455081000462702
chr1	119778365	119779445	-0.0197152080801004
chr1	119780718	119781238	-0.12128814487215
chr1	119782095	119783815	-0.0486125887526307
chr1	119783932	119784572	-0.136439142990663
chr1	119784964	119785484	-0.0648857193004109
chr1	119785569	119786209	0.125925724985558
chr1	119786478	119789143	0.0202421625800633
chr1	119789170	119790850	-0.195172355445752
chr1	119790942	119791502	-0.219666417952100
chr10	104580223	104581823	-0.0048658320257422
chr10	104582101	104583221	-0.133456333062598
chr10	104583760	104584160	-0.57248142898296
chr10	104584322	104585922	-0.0655618176634425
chr10	104586218	104586458	0.117366165191515
chr10	104586520	104587520	-0.245235377730042
chr10	104587623	104587863	-0.201131519661128
chr10	123217801	123218241	-0.00247218854034248
chr10	123218618	123220178	-0.676560537114344
chr10	123220914	123221074	0.00925568890786432
chr10	123221695	123222455	1.17869833115764
chr10	123222749	123222909	0.241961757789797
chr10	123223222	123223462	-0.188459049885976
chr10	123223897	123224057	-0.0625248318832017
chr10	123224167	123225047	-0.0319999408486109
chr10	123225664	123228944	0.0101215733395388
chr10	123228989	123230349	-0.0330927253372169
chr10	123230661	123230901	-0.303062412276342
chr10	123230927	123231327	-0.495278188073266
chr10	123231655	123232295	-0.0660051829700983
chr10	123232574	123233774	0.0392174168274635
chr10	123233778	123235818	0.17136768228058
chr10	123236243	123236963	0.0296033723718683
chr10	123237014	123237774	0.220440719787783
chr10	123238059	123238579	0.719129882267816
chr10	123238886	123239646	0.128583759198513
chr10	123239967	123240967	0.286201842350211
chr10	123241718	123241878	0.175880335881787
chr10	123242020	123242620	0.0866758744215725
chr10	123242716	123242996	-0.216937665083831
chr10	123243551	123243831	0.433518807339015
chr10	123243907	123244267	0.397454616538415
chr10	123244609	123244849	0.078779049058234
chr10	123244999	123246359	0.430977380785035
chr10	123246648	123247008	0.122267288366574
chr10	123247484	123248204	1.17761343649339
chr10	123248386	123251866	0.185826557455232
chr10	123251893	123252533	-0.0582767823463182
chr10	123252665	123255585	-0.349930773840813
chr10	123255863	123256263	-0.30369105736137
chr10	123256386	123256666	0.0640763451677704
chr10	123257206	123257366	-0.408851359493655
chr10	123257670	123258990	0.217221704713414
chr10	123259284	123260284	0.180665434094606
chr10	123260597	123262037	0.330583841330492
chr10	123262194	123262354	0.349914278105574
chr10	123262659	123263539	0.208320177669688
chr10	123263684	123268964	0.585514544294957
chr10	123268980	123269100	0.59380849610918
chr10	123269195	123270155	0.790491244686008
chr10	123270446	123270966	0.144037160083009
chr10	123272124	123273604	-0.0847764939716913
chr10	123273647	123275127	0.261215420220622
chr10	123275134	123276974	0.141381485187244
chr10	123277086	123277726	0.0823188388865372
chr10	123277955	123278435	0.302415879726345
chr10	123278898	123279858	-0.355665605188774
chr10	123280131	123281131	0.209681938493446
chr10	123281264	123282624	-0.0338548026292202
chr10	123282886	123283366	0.0149222673481857
chr10	123283419	123283579	0.0118176871384139
chr10	123284209	123284369	0.0465517754986231
chr10	123284885	123288645	-0.48354356252199
chr10	123288704	123290264	-0.121855590933660
chr10	123290403	123291123	0.0863997124189644
chr10	123291497	123292737	-0.0159744024467949
chr10	123293023	123293503	0.203500253096904
chr10	123294674	123294834	0.480296633797219
chr10	123295048	123295688	0.726596905581781
chr10	123295859	123296459	0.0619037228136312
chr10	123296742	123296902	0.556111435526085
chr10	123297212	123297732	0.116395139628606
chr10	123297775	123298975	-0.0439074691682841
chr10	123299495	123299775	0.150729889183691
chr10	123299918	123300438	-0.356475359450324
chr10	123300739	123301857	0.100062056581868
chr10	123302104	123303824	-0.0300302672916999
chr10	123304184	123304584	0.205823112418996
chr10	123304896	123305616	-0.209794028227928
chr10	123305735	123305895	0.0977284370696285
chr10	123306173	123306813	-0.38134426853566
chr10	123307102	123308102	0.0203415897578478
chr10	123308377	123308617	-0.00519864990592089
chr10	123308636	123309836	0.261577194542906
chr10	123310157	123310317	0.00900132783603369
chr10	123312877	123313117	0.355586775116244
chr10	123313292	123313452	-0.0435182938947509
chr10	123313658	123316938	-0.0623867505562332
chr10	123317463	123318703	0.120328792371969
chr10	123319016	123320496	0.0738395180715476
chr10	123322149	123323029	-0.118516353447242
chr10	123323212	123323732	0.49073077639587
chr10	123324074	123325074	0.051629362464447
chr10	123325715	123326355	-0.161411598886703
chr10	123326824	123328064	0.11564279594378
chr10	123328526	123330966	0.118700696273415
chr10	123331276	123331436	0.215827383521479
chr10	123331860	123332020	0.157128196595545
chr10	123332321	123333321	0.0658662458471362
chr10	123333553	123333833	-0.00178589716493538
chr10	123334445	123334965	0.00732012657062109
chr10	123335117	123336437	0.0901310290461015
chr10	123337912	123338152	-0.114679837456979
chr10	123338434	123340154	-0.3138662521665
chr10	123340189	123340469	-0.113217685475872
chr10	123340527	123340927	-0.416757599707919
chr10	123341146	123344906	-0.320448770200335
chr10	123345023	123347783	-0.261473971345183
chr10	123348078	123348478	-0.0986340703318647
chr10	123348665	123350465	-0.0198543724338482
chr10	123350520	123351160	0.693862400211612
chr10	123353491	123353971	0.251664396541618
chr10	123354512	123355032	0.0488464038956953
chr10	123355390	123355550	0.239826541991919
chr10	123355683	123356203	0.571597318917103
chr10	123356381	123356661	0.143849263107467
chr10	123356930	123357650	0.221651454286087
chr11	32355867	32356067	-0.000795740112182308
chr11	32356313	32356473	0.222229464979596
chr11	32357197	32358517	0.167865591731065
chr11	32358730	32360930	0.197946027433674
chr11	32361159	32362399	1.21920423911984
chr11	32362612	32363252	-0.0120320214480945
chr11	32363406	32363526	1.46536844338159
chr11	32363946	32364066	0.196492985907022
chr11	32364148	32364748	0.0822862959916846
chr11	32364865	32366105	0.0236898834859556
chr11	32366172	32368012	-0.130123246294413
chr11	32368240	32368960	0.362850639297079
chr11	32369400	32369920	0.353375047422388
chr11	32369937	32371137	0.0940026114940957
chr11	32371245	32372005	0.253896479534242
chr11	32372320	32372720	-0.0549306849782301
chr11	32372771	32373611	0.578007352394233
chr11	32373882	32375442	0.0734050349255675
chr11	32375732	32376692	0.0243527786478475
chr11	32377660	32379020	-0.150994713777592
chr11	32379955	32380675	0.0902897262033104
chr11	32380964	32381484	0.249653192588830
chr11	32381995	32382115	0.18665003305148
chr11	32382406	32382686	0.141253627155405
chr11	32383998	32384278	0.277070648207186
chr11	32384773	32384933	0.374994336276288
chr11	32385244	32385364	-0.136144025633608
chr11	32385387	32385987	0.0823408702583197
chr11	32386925	32387285	0.146358628075615
chr11	32388804	32391721	0.456667227983382
chr11	32392156	32392396	0.482674139308561
chr11	32393005	32393405	0.311190355633266
chr11	32393776	32394856	0.132613642245353
chr11	32395063	32397823	0.402322587594151
chr11	32398817	32401737	0.0682019223231412
chr11	32402604	32403004	0.00488110515422524
chr11	32403324	32405644	0.184678293304192
chr11	32405669	32408109	0.573041508941827
chr11	32408128	32408528	-0.069739766841602
chr11	32408604	32409564	0.266382067768544
chr11	32409806	32410046	0.194622364570254
chr11	32410063	32413063	0.0680311160550415
chr11	32413117	32413517	0.295145474141536
chr11	32413564	32416604	0.167019391321351
chr11	32416970	32418210	0.212451866887176
chr11	32418227	32419587	0.304934228708467
chr11	32419760	32420040	0.417854271513659
chr11	32420165	32420565	0.575340488070165
chr11	32420690	32420810	0.145252601856672
chr11	32420941	32421061	0.528760947381127
chr11	32421320	32422160	0.105375949083788
chr11	32423102	32423262	0.244942347368023
chr12	47767765	47770670	0.248644050230171
chr12	47771038	47773118	0.0741627037860342
chr12	47773440	47773680	-0.160480937777153
chr12	47773709	47775365	0.196808803235288
chr12	47775430	47775670	0.310829556598551
chr12	47775707	47775907	0.0136007349160114
chr12	52101889	52102009	0.256805028939600
chr12	52103353	52105993	0.0822592358387135
chr12	52107296	52107456	0.236838832497079
chr12	52107856	52108256	0.426704432898251
chr12	52108347	52108507	0.0864702360290845
chr12	52108753	52109153	0.207349631586058
chr12	52109466	52110426	0.471502551501189
chr12	52110663	52111783	0.154903465563639
chr12	52113008	52113288	0.795339377600079
chr13	21140841	21142001	0.273270847071419
chr13	21142171	21142691	1.06588868253200
chr13	21142714	21144434	0.103025392464106
chr13	21144494	21145974	0.255166462066320
chr13	21146012	21146652	0.152318693414863
chr13	21146686	21149446	-0.262682819008542
chr13	21149493	21150013	0.138431902757442
chr13	21150290	21150530	0.307873652949429
chr13	21150607	21151807	0.221242681698759
chr13	21152105	21152625	0.197826692431414
chr13	21152656	21153856	-0.0198538836449513
chr13	21154432	21154592	-0.565168762616473
chr13	21154624	21154984	-0.257416821838071
chr13	21155096	21155936	-0.518504192676967
chr13	21155981	21156821	0.063682765602691
chr13	21156888	21158208	0.0986318161628714
chr13	21158481	21159001	0.0393345884459935
chr13	21159133	21160613	-0.173593462924272
chr13	21160708	21161468	-0.277246798218399
chr13	21161553	21162313	-1.03822712658022
chr13	21163298	21164378	-0.50654067577759
chr13	21164431	21164591	-0.0883939328545358
chr13	21164772	21166212	0.0573012318667809
chr13	21166314	21167194	-0.174320685222773
chr13	21167250	21169290	0.52382985601496
chr13	21169566	21169966	0.346166509809826
chr13	21170238	21170398	-0.0454079535871821
chr13	21170725	21172165	-0.232747751011669
chr13	21172169	21172529	-0.148673396386131
chr13	21172648	21173168	0.096561074219099
chr13	21173316	21174201	-0.162398066651984
chr13	21174244	21177644	0.0345548423768789
chr13	21177970	21179170	0.0479334331911268
chr13	21179450	21179610	0.227968661452741
chr13	21179672	21181352	0.0166031663254349
chr13	21181376	21182136	0.0852172530760398
chr15	72407110	72407430	0.0486403592114817
chr15	72407509	72407749	-0.0333598773030823
chr15	72407887	72408407	-0.0822439325447979
chr15	72408578	72408698	0.0197199495113221
chr15	72408947	72409227	-0.0232819621930300
chr15	72409299	72411139	0.118351472487120
chr15	72411436	72413636	-0.205326388820342
chr15	72414060	72414580	0.451750879738697
chr15	72414645	72416005	-0.380724740121466
chr15	72416201	72419961	-0.330017540185350
chr15	72420090	72420450	-0.367100427188086
chr15	72420658	72420818	0.0274424917456806
chr15	72421773	72422653	-0.234883654730822
chr15	72422831	72423911	0.128699076221419
chr15	72424090	72425450	-0.315071769196291
chr15	72425770	72425890	-0.2533990144717
chr15	72426993	72427113	-0.314024395640663
chr15	72427120	72427480	-0.148343759983204
chr15	72427646	72428126	-0.36564616627176
chr15	72428612	72429012	-0.442107392677771
chr15	72429478	72429758	-0.274386371763944
chr15	72440874	72441634	-0.29418366442106
chr15	72444081	72444841	-0.182954316201952
chr15	72444924	72445684	-0.167974482195903
chr15	72446390	72447470	0.607115754354323
chr15	72447609	72448129	-0.481236859805146
chr15	72448411	72449171	0.0339643021013658
chr15	72449368	72449888	-0.473392500574726
chr15	72450671	72450831	-0.618926626990605
chr15	72451022	72452022	-0.481299051433252
chr15	72452109	72454989	-0.368727623471301
chr15	72455471	72455991	-0.514455637883019
chr15	72456057	72456217	-0.27320010868203
chr15	72456267	72456907	-0.425714541196188
chr17	67618746	67618986	0.0227578472964458
chr17	67619039	67619799	0.551367058283363
chr17	67620122	67620282	0.224865998013034
chr17	67620550	67620830	-0.188750988370896
chr17	67621166	67623326	-0.722488934957735
chr17	67623349	67625029	-0.755078059337134
chr17	67625060	67628420	-0.750485448482543
chr17	67628429	67628589	-0.609371560566417
chr17	67628594	67633264	-0.304414509741717
chr17	67633454	67633614	-0.15982153183806
chr17	67633660	67633820	-0.121286207535961
chr17	67633847	67635167	-0.471038525126592
chr17	67635193	67635593	-0.397741914270245
chr17	67635815	67636335	-0.317295607094082
chr17	67636624	67637224	-0.392689799023972
chr17	67637278	67637758	-0.241870237331665
chr17	67638585	67638705	0.710848137427001
chr17	67639589	67640069	-0.321033792654968
chr17	67640164	67640764	-0.466652162144319
chr17	67641089	67641969	0.111205655070770
chr17	67642665	67643985	-0.325752324779814
chr17	75364544	75366304	-0.356751899574134
chr17	75366514	75366980	-2.72509991612324e-05
chr17	75367007	75369687	-0.388869987537813
chr17	75369770	75372127	-0.283184280839063
chr17	75372205	75376325	-0.0644220601449965
chr17	75376358	75376758	-0.140730182466459
chr17	75376804	75376964	0.0614872461623865
chr17	75377193	75379873	0.0128389400252371
chr17	75379902	75380982	0.169292953563293
chr19	2200059	2203121	-0.355645469851997
chr19	17788302	17789022	-0.00336555824570839
chr19	17789733	17790133	-0.168713400408489
chr19	17792475	17792635	-0.302170472403584
chr19	17792924	17793364	-0.248074299167161
chr2	31593544	31594064	-0.211611589003799
chr2	31594804	31595604	0.0498729186213964
chr2	31596773	31597133	-0.00286010042584439
chr2	31600227	31602027	-0.0133559432094730
chr2	31602138	31605018	-0.357137109031125
chr2	31605156	31605316	0.33656735472295
chr2	31605779	31607019	-0.191174074399563
chr2	31607411	31610451	-0.286653385502170
chr2	31611080	31611440	0.00887091174449273
chr2	31612164	31612564	-0.628388089001247
chr2	31612573	31612733	-0.456353787147927
chr2	31612779	31613179	-0.549172405051695
chr2	31613209	31613609	-0.745992721601994
chr2	31613897	31614417	-0.428697455980202
chr2	31614574	31614814	-0.445727931064029
chr2	31615178	31615818	-0.174621046126871
chr2	31632270	31633510	0.266173936309677
chr2	31633664	31633824	0.452139665778219
chr2	31633919	31634079	-0.52916624902573
chr2	31634515	31634915	0.0868226778201284
chr2	31635887	31636887	0.140980284892929
chr2	31637582	31638422	0.30965674880566
chr2	31638449	31640369	0.491359523751829
chr2	31640403	31640803	0.0770810141029712
chr2	31641107	31641227	0.170427569379164
chr2	31641385	31641905	0.102318415496804
chr2	31645139	31645659	0.071536104360659
chr2	31645782	31646022	0.979126344212514
chr2	31651202	31651722	-0.0101973109764435
chr2	31651862	31652862	0.473210994611349
chr2	31652991	31653391	-0.189599148119941
chr2	31653575	31653855	0.0945050183537983
chr2	31654160	31654560	0.196731687802926
chr2	31655751	31655991	0.533506171240617
chr2	31656100	31656380	0.141696062605667
chr2	31656498	31656778	0.171371717398253
chr2	31657114	31657714	0.5324873524066
chr2	31657749	31658149	-0.109747298191670
chr2	31658282	31659042	-0.445668371288531
chr2	31659055	31661135	0.00298360648184071
chr2	31661331	31661851	-0.0463517126659676
chr2	31667779	31668179	0.781497259423987
chr2	48758640	48759400	0.0090051825851667
chr2	48759842	48762362	-0.0881067142239256
chr2	48762589	48762949	-0.293620301447426
chr2	48763351	48764551	0.197198253755599
chr2	48764893	48765373	0.358866531923975
chr2	48765667	48766307	0.0287485363250817
chr2	48766737	48767017	0.326144423387797
chr2	48767257	48767417	-0.24316429035963
chr2	48767460	48769684	0.135321662024432
chr2	48769844	48770324	-0.0657083904793478
chr2	48771575	48772215	-0.124158831852792
chr2	48772838	48773958	-0.0667467493554175
chr2	48774103	48775583	0.707139074055255
chr2	48776664	48777144	0.0792089829832663
chr2	48777270	48777550	-0.0928952358226338
chr2	48778119	48778399	0.230615766215265
chr2	48778634	48779474	0.317735564279172
chr2	48779760	48780000	0.0190983721538784
chr2	48780058	48781898	-0.000213125716853835
chr2	48782679	48782919	-0.0897541130510504
chr2	48788786	48789026	0.604892629875426
chr2	48789435	48790875	0.0333785474430712
chr2	48790898	48791538	0.462585395043594
chr2	48792075	48792475	-0.260124752889423
chr2	48792750	48792910	0.162793783877023
chr2	48793019	48793259	0.205612688762338
chr2	48793556	48793676	0.232333879004491
chr2	48793836	48794836	0.107360300269431
chr2	48795055	48795215	-0.285636969079849
chr2	48796005	48796485	0.125444109535535
chr2	48796576	48796936	-0.0348286338348218
chr2	48797089	48797489	0.115892411200033
chr2	48798194	48798474	0.090635940619888
chr2	48798491	48799691	-0.100316479372135
chr2	48799990	48801350	-0.0659514982051366
chr2	48801808	48802528	-0.0108638501427449
chr2	48802791	48802951	-0.117700495472415
chr2	48803497	48806857	0.0904615069966299
chr2	48807064	48807304	-0.0393854850296025
chr2	48807627	48807787	0.179087258388681
chr2	48808077	48808197	-0.466517816109903
chr2	48808264	48808544	0.168647702512368
chr2	48808985	48809105	-0.0222193414609348
chr2	48809222	48809382	-0.146581902658518
chr2	48809422	48810142	0.167627278117184
chr2	48810246	48810406	0.169363585232198
chr2	48810560	48812160	-0.160001347377691
chr2	48812362	48813122	-0.180941448351826
chr2	48813288	48814648	-0.191046852766672
chr2	48814894	48815174	0.106198133331427
chr2	48815247	48816327	-0.237655789322005
chr2	48816978	48817378	-0.00794048902537692
chr2	48817391	48818471	-0.232454665726595
chr2	48818632	48819272	0.254768334500026
chr2	48819577	48819737	0.136060466227151
chr2	48826651	48827731	0.292988197893181
chr2	48828012	48828412	0.142955776264646
chr2	48828453	48830373	0.0287308336293082
chr2	48830384	48831464	-0.148079989191904
chr2	48831621	48832381	-0.0185415403276286
chr2	48832420	48833740	-0.225409849636730
chr2	48833917	48834437	-0.288914335699300
chr2	48834609	48835089	0.0901169658314296
chr2	48835376	48836256	-0.52901538389807
chr2	48836294	48836814	-0.198075107151895
chr2	48837013	48837133	-0.39297066191838
chr2	48837257	48837657	1.06648906634380
chr2	48837957	48838477	0.17093376652508
chr2	48838547	48839067	-0.0919298888998166
chr2	48839253	48839613	-0.238378415715173
chr2	48840131	48840651	0.0962370857405024
chr2	48840922	48841402	0.0820129697272383
chr5	56141656	56141816	-0.0482341713926073
chr5	56142442	56143682	0.290140661754744
chr5	56143718	56144358	-0.0644620411629084
chr5	56144410	56147977	0.161434796819259
chr5	56148010	56150090	-0.218266597763102
chr5	56150128	56151768	-0.00354741456312979
chr5	56151918	56153158	-0.273016765889303
chr5	56153257	56153377	0.0256270506688745
chr5	56153458	56153618	0.0113979622926446
chr5	56153926	56154086	-0.307015096143998
chr5	56155172	56155452	-0.0103190227407501
chr5	56155520	56156520	-0.08008517644089
chr5	56156903	56157543	-0.0701022464445711
chr5	56157584	56159144	-0.280827057135907
chr5	56159574	56159854	-0.127515088603868
chr5	56159978	56160738	0.0802188490746931
chr5	56161068	56162188	-0.197196275831835
chr5	56162217	56163657	0.182221444101176
chr5	56163773	56164013	-0.230141494750757
chr5	56164218	56164458	0.0269213793380567
chr5	56164750	56166070	0.194175956921321
chr5	56166327	56166847	2.72509991612324e-05
chr5	56167038	56167558	-0.0271624736761966
chr5	56167663	56169263	0.272958618497797
chr5	56169459	56170459	0.376649941321192
chr5	56170492	56171132	0.0539916466130714
chr5	56172042	56172442	0.224646347102993
chr5	56172726	56173366	-0.116441841664927
chr5	56173464	56173864	-0.0226339290960165
chr5	56174526	56175126	0.090034888141151
chr5	56175156	56175556	0.096517724678859
chr5	56176213	56178893	0.244099359563801
chr5	56179191	56180191	-0.123668085887384
chr5	56180239	56180639	-0.264270018897222
chr5	56180953	56181433	0.199931481752259
chr5	56181608	56182208	-0.228829456132450
chr5	56182378	56182538	0.100160559005499
chr5	56182811	56183451	0.271976171424315
chr5	56183528	56184488	0.0126071169597537
chr5	56184510	56184670	0.110326622067709
chr5	56184869	56185029	0.149485333832885
chr5	56186046	56186686	-0.409279194241936
chr5	56186789	56188749	-0.063592940627831
chr5	56188823	56189183	-0.155252772302619
chr5	56189814	56190654	0.0957848865780586
chr5	56190688	56191568	0.0615484192831328
chr5	56193346	56193626	-0.023047952169275
chr5	56195368	56195968	-0.220390873757667
chr5	56196245	56197725	-0.925543466777276
chr5	56198034	56198634	-0.262224008037278
chr5	56198710	56199070	-0.121485550483572
chr5	56201137	56201657	-1.77866757781112
chr5	56201754	56201874	-0.212831761916728
chr5	56201931	56202211	-0.656002471496471
chr5	56202580	56202820	-0.314615586375698
chr5	56203056	56206216	-0.269024162463204
chr5	56206244	56207124	-0.180194268664245
chr5	56207308	56207708	-0.208886750527462
chr5	56207933	56208213	-0.0784482867202447
chr5	56208399	56208559	0.139304283772044
chr5	56208690	56209090	0.473181184863046
chr5	56210496	56213616	0.752836108743383
chr5	56213620	56214500	-0.0882642742078434
chr5	56214792	56215432	0.196632847922139
chr5	56215733	56217693	0.201214799591033
chr5	56218203	56218363	0.290744062511471
chr5	56218639	56220079	0.291795040996543
chr5	56221039	56221199	1.13057482497258
chr5	56221411	56222051	0.276749070392449
chr5	56222202	56222362	0.350213742057361
chr5	56222745	56223025	-0.271153159252233
chr5	56224360	56224520	0.123458875522269
chr5	56224589	56224869	0.0989715667953626
chr5	56224992	56226952	-0.258223994767318
chr5	56226971	56227611	-0.0211733319612457
chr5	56228921	56229041	-0.128793849236630
chr5	56229310	56229470	-0.0525386762272171
chr5	56229496	56229776	-0.1822504449324
chr5	56229980	56230100	-0.164938243726827
chr5	56230207	56230367	-0.104729922085174
chr6	116703505	116708905	-0.29863545854973
chr7	75373099	75374059	0.44542064207851
chr7	75374332	75374732	-0.130489053054601
chr7	75374735	75374975	-0.224396971397725
chr7	75376002	75376362	-0.478316243729998
chr7	75377889	75378049	-0.184045684436285
chr7	75379070	75379190	-0.0424745212798978
chr7	75379828	75380428	0.132642868644291
chr7	75381352	75381632	0.0417568870365312
chr7	75381897	75382737	0.483347842391795
chr7	75382831	75383351	0.0519963908336787
chr7	75383455	75384335	0.0389432421916112
chr7	75384651	75384891	-0.119278131748851
chr7	75385601	75386241	-0.206786310131291
chr7	75386402	75386642	-0.520299571166067
chr7	75386658	75386818	0.036159010207353
chr7	75386926	75387326	-0.199155870482607
chr7	75387627	75388507	0.487713704250138
chr7	75388826	75388986	0.0910490931660057
chr7	75389255	75389375	-0.0165216738663403
chr7	75389868	75390868	-0.552486602159955
chr7	75391150	75391670	-0.261480355819139
chr7	75391983	75392143	0.42849032983017
chr7	75392197	75392357	0.256686151659270
chr7	75392991	75393271	-0.538097881622879
chr7	75393536	75393776	0.32965004308614
chr7	75395518	75395678	-0.156266705464864
chr7	75395763	75396523	1.11280115621159
chr7	75396800	75397280	-0.756680201184762
chr7	75397433	75397593	-0.122183779708642
chr7	75398928	75399328	-0.0915587690922155
chr7	75399723	75400003	-0.0132573750169396
chr7	75400281	75400441	0.273228385117633
chr7	75402923	75403083	0.0280816052004764
chr7	75403732	75404092	-0.487197953282606
chr7	75405069	75405709	0.0768215842075286
chr7	75406438	75406798	-0.347720375313858
chr7	75407638	75407758	-0.170027916433651
chr7	75408454	75408614	-0.0281652263365046
chr7	75411027	75411267	0.119054012675947
chr7	75412670	75413550	0.827356538437869
chr7	75413954	75414234	0.103911060518743
chr7	75414842	75415962	0.0829101449908405
chr7	75417493	75418053	0.00584527345161012
chr7	75418695	75419215	0.229190196328398
chr7	75420813	75421653	-0.117728559660145
chr7	75422630	75423270	-0.0481208363096297
chr7	75423841	75424001	-0.0145974692101223
chr7	75424439	75425159	0.313748545455385
chr7	75426548	75426708	0.557748437995702
chr7	75427161	75427281	-0.142785179541972
chr7	75427848	75428128	-0.00582168074004485
chr7	75428629	75428789	-0.0676899325283524
chr7	75430228	75431188	-0.107328101671700
chr7	75432302	75432582	0.0116754621343600
chr7	75432708	75433308	-0.927073486806566
chr7	75433453	75434213	-0.754983485787863
chr7	75434518	75436598	-0.522744045761078
chr7	75436637	75437597	-0.648276796041065
chr7	75438570	75440050	-0.094802595722482
chr7	75443193	75443353	-0.340064368556486
chr7	75443402	75443522	-0.489145930115988
chr7	75444396	75444756	-0.911774139646719
chr7	75445078	75445478	-0.855050843060275
chr7	75446397	75450237	-1.64061309165582
chr7	75450597	75455877	-0.67034419265497
chr8	11571804	11572044	-1.11843452894266
chr8	11591933	11593093	-0.902415914810765
chr8	11593329	11593969	-1.01985792994002
chr8	11594003	11594883	-0.673034153804437
chr8	11595023	11596143	-0.570232742289609
chr8	11596197	11596477	-0.0202280959111236
chr8	11596557	11601313	-0.291229580759285
chr8	11601796	11603596	-0.56469066159593
chr8	11603614	11604774	-0.934710848482663
chr8	11641307	11642387	-0.574484318248497
chr8	11642717	11642877	-0.369199170306224
chr8	11643316	11644196	-0.749840808499679
chr8	11644347	11645347	-0.293949651747085
chr8	11647536	11647896	-0.536582339408142
chr8	11648403	11649163	-0.441847416989682
chr8	11649800	11650560	-0.650418677060478
chr8	11650938	11651418	-0.917872633602878
chr8	11651682	11655202	-0.846963767323017
chr8	11655486	11655766	-0.697544337987582
chr8	11656073	11656233	-0.605914870561767
chr8	11656510	11657470	-0.678473865878792
chr8	11657496	11657776	-0.545424391067081
chr8	11658073	11658473	-0.485590452401991
chr8	11658777	11658897	-0.524693457277784
chr8	11659225	11659505	-0.686329031939529
chr8	11659642	11659802	-0.486453995627983
chr8	11660244	11660444	-1.05816822126327
chr8	11660468	11660748	-0.433046551515940
chr8	11660851	11661611	-0.415325384390918
chr8	38116319	38116759	-1.05359387971387
chr8	38117717	38118837	-1.30183808780998
chr8	38118848	38119179	-0.770477725847548
chr8	38119472	38121280	-0.244873137444857
chr8	38121698	38123178	0.0311288460274577
chr8	38123486	38123646	-0.103136993485202
chr8	38123934	38124094	-0.385483352261011
chr8	38124261	38125461	-0.464152195270525
chr8	38125607	38126367	-0.550140876591718
chr8	38127374	38127534	-0.198321549657833
chr8	38127544	38127904	-0.152247797898539
chr8	38128600	38128760	0.617183698641202
chr8	38128779	38128939	0.320623826465706
chr8	38129432	38130192	-0.209057427892090
chr8	38130310	38131150	-0.144790373706887
chr8	38131247	38131607	-0.0414460629649627
chr8	38131652	38131932	-0.249950767790758
chr8	106400129	106400249	-0.295904023576445
chr8	106400261	106400941	0.0307512545904729
chr8	106500044	106501004	-0.283393999467235
chr8	106501087	106501207	-0.371381169118906
chr8	106525125	106525925	-0.253073507665697
chr8	106525987	106526307	-0.314746910620016
chr8	106642225	106643425	-0.370487981515092
chr8	106715105	106716305	-0.256713532529805
chr8	106869577	106870497	0.0575837251148792
chr8	106879863	106880903	0.00480931310075805
chr8	106881941	106882101	0.685354594507267
chr8	106882240	106885160	0.732836606099934
chr8	106885204	106886484	0.492408092149208
chr9	821839	822319	-0.158936143320654
chr9	822881	823281	-0.079482949622326
chr9	823518	824038	-0.048630244167748
chr9	824180	824300	-0.0316835642460109
chr9	824670	824830	0.124498260052294
chr9	827929	828089	0.322806415051506
chr9	829015	829295	-0.0158237024305690
chr9	829897	830737	-0.183557121713879
chr9	830862	832222	0.00964206838435011
chr9	832522	834562	0.0356806115411137
chr9	834565	834725	0.0719935206705598
chr9	835034	835194	-0.0291851280366959
chr9	835505	836025	-0.329203480935133
chr9	836315	836595	0.859691179888131
chr9	836915	837395	-0.169104972440416
chr9	837464	837624	-0.162780122638144
chr9	837981	838221	-0.276046833092209
chr9	838313	838553	-0.122604939949144
chr9	838866	839026	0.179830388362176
chr9	839232	839832	-0.229124073101016
chr9	840112	840752	-0.113695488343041
chr9	841064	841224	-0.225983665672103
chr9	841537	841937	-0.0863571495427105
chr9	842221	843101	0.174764216513652
chr9	844497	844777	-0.0990287077547936
chr9	845069	845349	-0.238893620275898
chr9	845477	845637	-0.0670796398270026
chr9	846871	847031	-0.208770029617908
chr9	847351	847631	-0.0388304227782406
chr9	848108	848508	-0.213168621314989
chr9	849029	850029	-0.102704354150108
chr9	850328	850488	-0.114265375044859
chr9	852739	852859	0.0791981883839932
chr9	854791	855271	-0.050241102759818
chr9	855392	855672	0.367080547498468
chr9	856169	857009	-0.0612042660658709
chr9	857169	857449	0.208151911243848
chr9	857701	857981	-0.189560298806755
chr9	858266	858506	-0.00292113919161863
chr9	859036	860116	-0.0689156584455362
chr9	860428	860708	-0.138426041370606
chr9	861755	862035	-0.113001699991220
chr9	863626	863906	-0.0708735706467825
chr9	864055	864815	-0.00396009216133497
chr9	865115	865755	-0.168501221604665
chr9	865813	866533	-0.072196459278236
chr9	866808	868768	0.057088303663178
chr9	868947	869187	0.0305836122037881
chr9	871157	872757	-0.0206946654645952
chr9	873091	873491	0.0228390730140422
chr9	873807	874687	0.0560136642631168
chr9	875835	876235	0.169134384112204
chr9	876552	876672	-0.379141653755064
chr9	876690	877050	0.255523217176830
chr9	877200	878080	0.141597036419631
chr9	878134	878294	0.197999268429907
chr9	878585	878825	-0.285470564252552
chr9	879131	880091	-0.569306766202117
chr9	880234	880714	-0.0443409351934756
chr9	881997	882597	-0.091208003167937
chr9	882909	883269	0.076872244883877
chr9	883404	884244	0.122659031340487
chr9	884322	884802	-0.118083000616341
chr9	885112	885272	-0.173444927023496
chr9	885379	885539	0.208751426612676
chr9	886128	886288	-0.194529521389726
chr9	886818	887098	0.111840284935682
chr9	887395	887515	0.0707911334367859
chr9	887609	887769	0.439048314784476
chr9	887823	888103	-0.177839695102129
chr9	888438	888838	0.635331826182773
chr9	889100	890700	0.468883989039882
chr9	891628	891908	-0.178493618645362
chr9	892207	892487	-0.063392003385281
chr9	892775	894575	-0.120910553464164
chr9	894950	895070	-0.244349569247025
chr9	895211	895491	-0.0722136059399099
chr9	895534	895694	-0.252640744612751
chr9	895877	896037	-0.0779726028560055
chr9	896055	897615	-0.286338874854362
chr9	897874	898154	-0.229751464170583
chr9	898464	899704	-0.357445871779035
chr9	900033	901113	-0.70708200686975
chr9	901311	901471	-0.139732896368818
chr9	901790	901950	-0.0741859398539828
chr9	902349	902749	0.231944112892178
chr9	903082	903602	-0.201139923926179
chr9	903887	904007	0.185508227744256
chr9	904060	904300	-0.0665099378689484
chr9	904593	905713	0.211618040104778
chr9	906022	906382	-0.0355645038377805
chr9	906658	909538	-0.203748900998811
chr9	912383	913143	-0.0565941726955115
chr9	913208	914088	-0.48721135302664
chr9	914385	915625	-0.0448196463485373
chr9	915805	916685	0.0547544934478332
chr9	916728	918688	-0.329216853232864
chr9	919181	919301	-0.208618097664469
chr9	919385	920225	-0.0683102248786314
chr9	921233	921473	-0.285295766168613
chr9	921871	922151	0.0220291402008812
chr9	922176	922576	-0.135241572427083
chr9	923387	923627	-0.219406423240884
chr9	923799	924199	0.471459656391669
chr9	924762	926482	-0.0478623634956774
chr9	928888	929888	-0.157994322542657
chr9	932728	933968	-0.229299195321371
chr9	934215	935175	-0.153160710840849
chr9	935448	935928	-0.226293215944053
chr9	936389	937149	-0.0227010217148562
chr9	937356	937636	-0.354516543258515
chr9	937776	938776	-0.0759387673447907
chr9	940121	940401	0.270307403479878
chr9	940593	941193	0.0714325010290131
chr9	941223	941943	-0.218481753149675
chr9	942251	943011	0.134670221684843
chr9	943168	944608	-0.0561555673637408
chr9	945034	945434	-0.18622572774983
chr9	946575	946735	0.0514810266831316
chr9	946760	946920	-0.112831715514729
chr9	947139	947739	-0.0877536344898733
chr9	948023	948383	-0.0463344098574507
chr9	948655	949535	-0.129977973133112
chr9	949820	949940	-0.281684758271301
chr9	949999	950519	-0.210856025828701
chr9	950580	951060	-0.0237800756476469
chr9	951122	951882	-0.219310177448523
chr9	951946	952546	-0.165413904406265
chr9	952560	954760	0.411568146558324
chr9	954913	957952	-0.0576377102069505
chr9	957982	958502	-0.0598968370357145
chr9	958549	960869	0.199319295910509
chr9	960883	961163	0.0970050050880968
chr9	961420	965500	-0.0491629927595616
chr9	965518	966518	0.171898842373331
chr9	966637	967277	-0.184965184580289
chr9	967383	969143	0.148170262756635
chr9	1035802	1036482	-0.112156147575297
chr9	1036972	1037372	0.0613437986123555
chr9	1037500	1038740	-0.278316378724297
chr9	1038867	1039267	-0.395155266533255
chr9	1039311	1043966	-0.489287848133903
chr9	1044015	1044255	-0.950181495093608
chr9	1044293	1044693	-0.170856989578102
chr9	1044749	1045509	-0.230053947728972
chr9	1045702	1045982	-1.60874257636881
chr9	1046013	1048333	-0.437247743998258
chr9	1048725	1049845	-0.431100853384107
chr9	1050162	1050602	0.106789965059714
chr9	98028483	98028763	-0.0170771896642692
chr9	98029057	98029417	0.190705323335378
chr9	98029761	98029881	-0.190890061482908
chr9	98030031	98030311	0.321994761194079
chr9	98030918	98031318	0.0934575996367242
chr9	98034547	98035427	-0.175201680702746
chr9	98035595	98036075	-0.385537847940776
chr9	98036389	98036669	-0.602086532078492
chr9	98037288	98037928	-0.0647861401556913
chr9	98038194	98038354	-0.447342734508608
chr9	98038659	98039419	-0.0392533236037
chr9	98039593	98039953	-0.242728435344287
chr9	98040321	98040481	0.166567013016194
chr9	98040790	98042030	-0.385316458995137
chr9	98042342	98043302	-0.361861328139603
chr9	98043470	98043750	0.0244333359399986
chr9	98044163	98044443	-0.219706574492743
chr9	98044659	98044939	-0.097627135732141
chr9	98045303	98046623	-0.294617895400915
chr9	98046913	98047193	-0.240522467471083
chr9	98047296	98050456	-0.500687239988812
chr9	98050722	98051002	-0.247631412407175
chr9	98051401	98052721	-1.10080001447935
chr9	98053007	98053647	-0.0827040590633157
chr9	98053891	98054371	-0.208681941747549
chr9	98054664	98055264	-0.921530017399698
chr9	98055440	98055560	-0.204909397903593
chr9	98055704	98056184	-0.0789632228786692
chr9	98056354	98057234	0.610425944093353
chr9	98057791	98058271	0.155231288593103
chr9	98058780	98058940	0.312311136512274
chr9	98059326	98059486	0.100332515689947
chr9	98060648	98060928	0.559602255100759
chr9	98061273	98061553	0.346433866841119
chr9	98062886	98063126	-0.201852293479874
chr9	98063208	98063368	0.0287439538667806
chr9	98063584	98064344	0.102526408182794
chr9	98064967	98065127	0.0759501528820505
chr9	98065374	98065534	-0.0376897422200824
chr9	98066239	98066639	0.0786817277082164
chr9	98066772	98067052	-0.0216842066661989
chr9	98067140	98067300	-0.125953887865932
chr9	98067522	98067762	-0.100845053875034
chr9	98069869	98070029	-0.0860582067495692
chr9	98072434	98073114	0.152701347274436
chr9	98073610	98074202	0.165776117850157
chr9	98080523	98081243	0.285325463960562
chr9	98082373	98082613	-0.232748413307537
chr9	98089148	98089308	-0.0740050260868501
chr9	98089379	98089539	0.20433397217855
chr9	98090425	98090585	-0.0286007362604734
chr9	98091445	98092405	0.155984904335781
chr9	98096005	98096245	0.223208590992034
chr9	98096570	98097090	-0.0782046728047132
chr9	98097745	98097905	0.387631648812784
chr9	98099755	98100035	0.222378172919651
chr9	98100337	98100737	0.187722352211154
chr9	98100804	98101644	-0.253780662491856
chr9	98101840	98102320	-0.274227129463612
chr9	98102750	98103390	-0.374297118353884
chr9	98104004	98104524	0.170918661062724
chr9	98105688	98105848	-0.355423717134992
chr9	98106908	98107148	-0.581050731122913
chr9	98107956	98108236	-0.320001308989477
chr9	98108906	98109186	-0.368325991123547
chr9	98110026	98110386	-0.456539974664172
chr9	98110651	98110931	-0.426395120209983
chr9	98111124	98112324	-0.337235847715896
chr9	98112373	98112653	0.280513713274437
chr9	98112825	98113105	-0.419502453756455
chr9	126273300	126273620	-0.382220966593975
chr9	126273978	126274338	-0.259805824199584
chr9	126274409	126274529	-0.170621463976919
chr9	126274907	126275147	0.0912098929443637
chr9	126275249	126275489	-0.730912467535001
chr9	126275674	126276074	-0.381193430246799
chr9	126276385	126276865	0.0341508706043698
chr9	126277124	126278244	0.212924965138628
chr9	126278349	126279589	-0.0318349364100246
chr9	126279691	126279851	-0.412851130712275
chr9	126279937	126280817	-0.478581798430648
chr9	126280940	126281100	-0.315816989528110
chr9	126281158	126281558	-0.065117843232116
chr9	126281678	126282078	-0.320531569400947
chr9	126282693	126282973	0.177298852874938
chr9	126283021	126285260	-0.111499282076964
chr9	126285854	126286014	-0.295849241178009
chr9	126286388	126286548	-0.342614642423637
chr9	126286885	126287045	-0.305972256740299
chr9	126287108	126287708	-0.262622154264536
chr9	126287842	126288482	-0.521167080518447
chr9	126288555	126288955	-0.353154355017877
chr9	126289086	126289966	-0.194661638063268
chr9	126290372	126290732	-0.501301845825696
chr9	126291124	126292244	-0.0174030209842522
chr9	126292306	126292706	-0.191599144715817
chr9	126292808	126294008	-0.420026451421470
chr9	126294008	126294608	-0.133709562809544
chr9	126294642	126295402	0.462149958727161
chr9	126295533	126296013	-0.439542881262524
chr9	126296118	126296358	0.0582389963833234
chr9	126296434	126298274	0.091192791114858
chr9	126298290	126299290	-0.123542183356153
chr9	126299463	126299863	-0.210049698108792
chr9	126299936	126301296	0.141126683013993
chr9	126301398	126302878	-0.0139618746361052
chr9	126303054	126304414	-0.0669349403258996
chr9	126304827	126305107	0.26019366787851
chr9	126305115	126306115	-0.166562244834501
chr9	126306167	126306807	-0.040268198436219
chr9	126307112	126307512	-0.139843185915854
chr9	126307666	126308306	-0.0997361507412478
chr9	126308353	126310431	-0.147299023002424
chr9	126310557	126310797	-1.60874257636881
chr9	126311366	126311526	-0.31469637387118
chr9	126312631	126312791	-0.387957614854241
chr9	126313015	126313495	-0.549246580638872
chr9	126313693	126314093	-0.122020230756571
chr9	126314313	126316033	0.0183803033359693
chr9	126316298	126316698	-0.534267502225176
chr9	126316823	126317063	-0.606339115866473
chr9	126317295	126317455	-1.13201576135247
chr9	126317614	126317894	-0.301072561724937
chr9	126318105	126318465	-0.414291768638059
chr9	126318569	126318729	-0.410367372142033
chr9	126319163	126319523	-0.53420569006217
chrX	3532371	3533051	-0.203378198602463
chrX	3533090	3533690	-0.244958279582226
chrX	3533700	3534420	-0.0323384961399991
chrX	3534706	3535306	0.346859941782249
chrX	3535422	3535702	0.0391403958937575
chrX	3536214	3536614	0.0473065139947346
chrX	3536671	3537191	0.0836699513324577
chrX	3537777	3538257	0.382907238930732
chrX	3538545	3539665	0.0837749409914128
chrX	3539692	3539932	0.397680681055236
chrX	3540005	3540525	-0.0713868402038558
chrX	3541454	3541614	0.130310854689845
chrX	11221418	11221738	0.691037477756635
chrX	11221764	11221884	0.210844407065291
chrX	11221900	11223020	0.148692223223147
chrX	11223155	11223635	0.0261996254762371
chrX	11223724	11224724	-0.0282861146423155
chrX	11224805	11225165	-0.230806807719691
chrX	11225539	11225939	0.426628905330318
chrX	11226099	11227819	0.2081593097007
chrX	11227950	11228190	0.179307285031276
chrX	11228419	11228859	0.359684273813907
chrX	23631650	23632210	0.0440036208287795
chrX	23632528	23634008	0.244675570359047
chrX	23634635	23635035	0.158805714625490
chrX	24926719	24927359	-0.185576433926925
chrX	24927398	24929958	-0.162829470690094
chrX	24930004	24930644	-0.929564068699483
chrX	24930739	24931139	0.00893270006224789
chrX	24931248	24932008	-0.305109841232185
chrX	24932032	24932312	-0.176487732910812
chrX	24932323	24932683	-0.226283658956548
chrX	24932685	24933325	-0.785498011369322
chrX	24933392	24933512	0.693922262705469
chrX	24933527	24935482	-0.246005875162475
chrX	24935530	24935770	-0.254471820202584
chrX	24935934	24936094	0.0670489025523646
chrX	24936159	24938679	-0.134085123907222
chrX	24938692	24938812	-0.170165022361446
chrX	24938887	24939607	-0.209373192060708
chrX	24939673	24942004	-0.635622318081908
chrX	24942329	24942929	-0.5965587455239
chrX	24942962	24945522	-0.387270284695837
chrX	24945554	24946674	-0.256043606825793
chrX	24946712	24947592	0.226173006992274
chrX	24947650	24950450	-0.253538056794204
chrX	24950506	24952106	-0.230315248053361
chrX	24952208	24953208	-0.104955457341114
chrX	30230457	30240417	-0.103858128272587
chrX	36163797	36165357	0.308504506455584
chrX	36165657	36166057	0.0530461824997015
chrX	36166568	36166848	0.500641788989487
chrX	36166976	36167256	1.30948425306761
chrX	36168814	36168934	-0.0167905682746639
chrX	43510769	43511089	0.116094641584998
chrX	43511248	43511848	-0.124426216180052
chrX	43512185	43512425	0.0616572709250904
chrX	43512464	43513944	0.0740228349877561
chrX	43514949	43515349	0.245886264603659
chrX	43515676	43516716	0.263679151058293
chrX	53237468	53237628	0.100979443606233
chrX	53237790	53237910	-0.442827595309802
chrX	53238130	53238410	-0.263892197692423
chrX	53238492	53240692	-0.563321363908848
chrX	53240789	53243109	-0.293931130147906
chrX	53243225	53245425	-0.204030265839434
chrX	53245528	53245808	0.113142822537717
chrX	53246110	53246990	0.0369795428898958
chrX	66670563	66670883	0.064227953030775
chrX	66671507	66672627	0.0533771484777392
chrX	66672802	66673442	0.0353486344966618
chrX	66673770	66673930	0.343093024014391
chrX	66674084	66674244	0.863281746958032
chrX	66674610	66674850	0.648115647047101
chrX	66675682	66675842	-0.0200903164985846
chrX	66675975	66676135	0.52592258692358
chrX	66678128	66678608	-0.0586404130161373
chrX	66678797	66680477	-0.147298818505684
chrX	66680505	66680905	-0.935821625996269
chrX	66681028	66681308	-0.150484301448625
chrX	66681355	66681875	-0.303011852935492
chrX	66681984	66683064	-0.386896043189835
chrX	66683130	66687570	0.0338438182223959
chrX	66687715	66688595	0.189014305011934
chrX	66690468	66691228	0.0753971782190803
chrX	66691662	66692742	0.0888308246960625
chrX	66692911	66693071	0.192288667080356
chrX	66694288	66694568	0.270350172135836
chrX	66694703	66694823	0.125841349834478
chrX	66695021	66695381	-0.132038681501406
chrX	66695604	66695724	0.185173309022944
chrX	66695807	66697487	-0.0809733309494964
chrX	66697583	66697743	0.235884857947878
chrX	66699197	66699317	0.16458120842077
chrX	66699659	66699819	-0.186152723218861
chrX	66700065	66701025	-0.0352380695768408
chrX	66701207	66702087	0.0446219831374601
chrX	66702545	66702785	-0.0341277258182788
chrX	66702878	66703398	-0.000939915549319936
chrX	66703650	66704170	-0.09724296382028
chrX	66704333	66704853	0.1525535811911
chrX	66705054	66708574	0.110439697960897
chrX	66708617	66709497	0.328714437083008
chrX	66709621	66710261	-0.0744387990637652
chrX	66710334	66713494	0.138303670705734
chrX	66714440	66715080	0.279547564538833
chrX	66715261	66715541	0.266864912233088
chrX	66715765	66717125	0.0265535828271131
chrX	66717760	66718160	0.442326593585651
chrX	66718320	66719200	0.0923997952383435
chrX	66719338	66721058	0.108710258385081
chrX	66721121	66721521	0.145340104426106
chrX	66721849	66722849	0.0805530439023814
chrX	66722981	66723101	0.529518135138653
chrX	66723175	66723575	0.308563880615535
chrX	66723767	66724247	0.262444302723550
chrX	66724380	66725500	-0.0756956233063557
chrX	66725853	66726933	-0.143314220161080
chrX	66727051	66727211	0.772659392810538
chrX	66727289	66727889	0.148200793600537
chrX	66727950	66729190	0.02968686030474
chrX	66729252	66729892	-0.0123384532837307
chrX	66730214	66730574	0.515972176416316
chrX	66730856	66730976	0.137467802274708
chrX	66731004	66731244	0.436873080686866
chrX	66731528	66732048	0.020235324272704
chrX	66732099	66732219	1.10630744302937
chrX	66732867	66733467	0.220207689114932
chrX	66733891	66734491	-0.126187572004823
chrX	66734707	66734867	0.0215509222157313
chrX	66735158	66736038	0.226958794570756
chrX	66736182	66736462	0.93758726474929
chrX	66736506	66736786	0.168574575511505
chrX	66737404	66738004	0.0318566067623858
chrX	66738079	66738359	0.626315245903998
chrX	66738524	66738884	0.105733569551493
chrX	66739439	66739799	0.209903348933651
chrX	66740396	66740556	0.035159989141889
chrX	66740620	66740780	-0.33776477003626
chrX	66740809	66741209	0.0747075511649025
chrX	66741251	66742491	-0.066224052658503
chrX	66742612	66742892	0.149755081217156
chrX	66743125	66743605	0.264952011863612
chrX	66744204	66745444	0.187288958661922
chrX	66746057	66747017	0.0475981741569194
chrX	66747608	66747768	1.941551527793
chrX	66748442	66749202	0.211965440811809
chrX	66750110	66750830	0.0152835505235767
chrX	66753137	66753297	-0.126476333022375
chrX	66753411	66753691	-0.0101700583170414
chrX	66753993	66754273	0.119591374474669
chrX	66754358	66754718	0.111795562153809
chrX	66754929	66755209	0.0732357124138383
chrX	66755450	66755570	0.0950845465707923
chrX	66755938	66756098	0.395220709066407
chrX	66756322	66757042	-0.0741121939934968
chrX	66757466	66757706	0.490318838453022
chrX	66758664	66759424	0.100752690119784
chrX	66759589	66759749	0.465290193360263
chrX	66771140	66771540	0.204312078656257
chrX	66771592	66771752	-0.0250313290139372
chrX	66771969	66772129	0.0647798856071784
chrX	66772157	66772677	0.0404434170716477
chrX	66773255	66773655	0.0562161921865454
chrX	66777917	66779277	-0.00768358718805229
chrX	66779384	66782304	-0.105041866420214
chrX	66782337	66783217	-0.0472833975486504
chrX	66783361	66783521	0.503244027667782
chrX	66783652	66784292	0.0194310114815761
chrX	66784581	66785461	0.150962499645936
chrX	66786893	66787493	0.0428343141804883
chrX	66788138	66789018	0.0645494375767348
chrX	66789142	66789782	0.119476821659949
chrX	66789861	66789981	0.606469361931398
chrX	66790164	66790324	-0.070637439589083
chrX	66790779	66792219	-0.0163384793614738
chrX	66792347	66793107	0.023414805856808
chrX	66793471	66793831	0.347548543506037
chrX	66794118	66794998	0.0989504833796178
chrX	66795189	66795789	-0.0158235767764476
chrX	66801833	66802473	0.118106765460371
chrX	66812748	66814228	0.0874175978237206
chrX	66814690	66814930	-0.656070274234146
chrX	66815747	66815907	0.83701928829412
chrX	66817110	66818070	0.324871020373151
chrX	66819146	66820026	0.155352834840034
chrX	66820299	66820939	0.248293876896531
chrX	66821005	66821165	0.213140973856375
chrX	66821166	66821766	0.0962533227638147
chrX	66821829	66822709	0.263955407689420
chrX	66822754	66824714	0.125338037117732
chrX	66825014	66825614	0.156746738650275
chrX	66825731	66827091	0.00902132730153382
chrX	66827493	66827973	0.160357305497424
chrX	66828116	66829076	0.143266644682017
chrX	66829277	66830037	0.0692054899817183
chrX	66830039	66831479	0.0165430086080485
chrX	66831481	66832321	0.0234928449239635
chrX	66832423	66832703	0.0381294480531045
chrX	66832748	66833428	0.0613437565293111
chrX	66833546	66833946	-0.267223853930791
chrX	66834053	66834253	0.0610707957381755
chrX	66834364	66834524	0.0429584868500339
chrX	66834722	66834882	0.0227778381338462
chrX	66835084	66835484	0.107398065468597
chrX	66836256	66837616	-0.0961917836882016
chrX	66838074	66838234	0.0251357597264339
chrX	66838373	66838613	-0.196993962763740
chrX	66838771	66839371	-0.225666868245672
chrX	66839678	66840198	0.0708433778841764
chrX	66846334	66846614	0.129971857040176
chrX	66846715	66846875	0.282266399153838
chrX	66847188	66848308	0.0893616696729245
chrX	66848424	66848704	0.18393294899254
chrX	66848813	66849453	0.12945556382785
chrX	66849660	66850100	0.165718653258591
chrX	66850243	66850643	0.0308880119500303
chrX	66850934	66852174	-0.0710490400173858
chrX	66852372	66852652	-0.124907157283348
chrX	66853132	66853332	0.110465145942338
chrX	66853691	66854571	-0.176324056513002
chrX	66854788	66854948	0.0914115004358373
chrX	66855451	66856571	-0.0232650531536693
chrX	66856927	66857447	0.0491465339234489
chrX	66857475	66857715	0.00506448470912257
chrX	66857834	66858234	-0.0549191084779768
chrX	66858258	66859858	-0.193131263267666
chrX	66859940	66860060	-0.109572576159379
chrX	66860106	66860826	-0.0798398982622552
chrX	66860953	66865153	-0.0314553389649819
chrX	66865186	66868346	0.0240102489220733
chrX	66868516	66868676	0.626769151185455
chrX	66868805	66868965	-0.169449740934284
chrX	66868998	66870318	-0.0480476920968889
chrX	66870524	66870804	-0.116600383486633
chrX	76642950	76643110	-0.0263986947051165
chrX	76643635	76644275	0.179033890313841
chrX	76644396	76647076	0.0632034705376308
chrX	76647226	76649026	0.121410842282841
chrX	76649055	76651495	0.164477393404031
chrX	76657514	76657994	0.322067514280011
chrX	76662583	76666343	0.215690213667738
chrX	76666355	76666875	0.339390745110996
chrX	76667169	76668009	0.205341340255466
chrX	76668024	76668184	0.208338601737102
chrX	76668302	76668462	-0.187754192750068
chrX	76668713	76669353	0.0821188727877424
chrX	76676148	76677868	0.356595651372509
chrX	76678341	76678981	0.268814152166689
chrX	76679816	76679976	0.294924431563419
chrX	76686371	76686571	-0.233944739853960
chrX	76687369	76687729	0.166961459280909
chrX	76688021	76688261	0.105154169377112
chrX	76689177	76690137	0.117268241664658
chrX	76690255	76691255	0.237237481230943
chrX	76691551	76691991	0.466719133972284
chrX	76692122	76692402	0.576119498731146
chrX	76694816	76695416	0.280445261404602
chrX	76695723	76696003	0.184072536969154
chrX	76696448	76697288	0.0412077457940681
chrX	76698668	76698948	0.51106340007368
chrX	76699141	76700261	0.647881698965711
chrX	76700337	76701457	0.443063072499341
chrX	76702656	76703416	0.274805661354417
chrX	76703458	76703618	0.151425181490265
chrX	76713926	76714326	0.279204106920352
chrX	76714569	76714849	0.721841530560972
chrX	76714915	76715075	0.483147071180502
chrX	76716201	76716321	0.266502392623251
chrX	76716359	76716879	0.558430574698485
chrX	76717013	76717762	0.512528558473897
chrX	76717975	76718135	0.449805774113739
chrX	76718179	76718699	0.164613787101126
chrX	76718771	76718891	0.114647702495880
chrX	76728433	76728713	0.270491777151467
chrX	76731794	76732074	0.704654445454824
chrX	76733078	76734198	0.083240019011654
chrX	76734949	76735069	0.368205883593547
chrX	76735482	76736682	0.154979307754134
chrX	76737866	76738386	0.620569405107728
chrX	76738400	76739480	0.413525529180885
chrX	76740606	76741126	0.31659397953592
chrX	76741197	76741717	0.193331406224137
chrX	76741751	76742031	0.590419396550278
chrX	76742361	76742761	0.23801500785163
chrX	76743617	76743897	0.395581496783124
chrX	76752642	76752922	0.918126200467222
chrX	76753537	76753697	0.865508287356203
chrX	76755884	76756724	0.414190081186103
chrX	76757413	76758173	0.205995977567815
chrX	76758300	76759540	0.49514666677592
chrX	76760264	76763424	0.442119977900443
chrX	76763731	76763971	0.585150155801128
chrX	76763981	76764141	0.113984514250277
chrX	76768575	76768695	0.902067775430273
chrX	76768805	76769085	0.378937766346133
chrX	76769391	76769551	1.59585289847953
chrX	76769989	76770829	0.302128824186654
chrX	76771098	76771858	0.196461974449842
chrX	76774300	76775620	0.255375337204155
chrX	76775645	76776005	0.652210120951546
chrX	76776084	76776364	0.637162372547675
chrX	76776683	76777163	0.0968260362356677
chrX	76777421	76777901	0.116022564191877
chrX	76777977	76778337	0.438543385069857
chrX	76778686	76778926	0.53351813702717
chrX	76779250	76779530	0.286855973343754
chrX	76781103	76781223	0.325071304382906
chrX	76781743	76781983	0.612402594054916
chrX	76782487	76782647	0.373271239346666
chrX	76789585	76790105	0.394563139920139
chrX	76793491	76793731	0.423549621782208
chrX	76794251	76794411	-0.0639983944341833
chrX	76795810	76796570	0.22497269875974
chrX	76796647	76796807	0.0100204170856546
chrX	76797827	76798227	0.51692351688231
chrX	76798443	76798803	0.133444382000871
chrX	76798832	76799552	0.229605523694531
chrX	76801049	76801209	0.195316262370484
chrX	76801387	76801507	0.103023473280281
chrX	76801914	76802434	0.60445761495013
chrX	76802759	76803279	0.265911985078946
chrX	76803582	76804422	-0.0572906592542739
chrX	76804450	76804850	0.372966053486036
chrX	76805463	76805983	0.275688693780967
chrX	76806247	76806407	0.48265866944093
chrX	76806690	76808730	0.19453486865558
chrX	76809031	76809431	0.505586769553982
chrX	76809487	76811207	0.1484354408346
chrX	76812137	76812617	0.666391923319044
chrX	76813365	76813885	0.71000689968188
chrX	76813919	76816518	0.331339577816884
chrX	76816546	76817426	0.404406706630275
chrX	76817613	76818973	0.379537114648936
chrX	76819275	76819435	0.704446196625414
chrX	76819854	76820094	0.580872466106501
chrX	76820374	76820654	0.123109739079786
chrX	76820911	76821871	0.185542351340171
chrX	76821935	76822095	0.637149627486024
chrX	76822405	76822565	0.614472690504633
chrX	76822703	76822943	0.716286716614154
chrX	76823045	76827175	0.185955429239483
chrX	76828872	76829032	-0.374349628003772
chrX	76829318	76829438	1.11557471877963
chrX	76829632	76830112	0.159734121122155
chrX	76830376	76830616	0.568835502494127
chrX	76830957	76831837	0.244841369997000
chrX	76831974	76832254	0.595446513227092
chrX	76832740	76833020	0.38267695978961
chrX	76833337	76833497	0.141521669813199
chrX	76833561	76834641	0.322785965414791
chrX	76834647	76835007	0.088677105671646
chrX	76835312	76835472	0.151172520286051
chrX	76835582	76837262	0.0602423950646824
chrX	76837468	76838948	0.232930781032640
chrX	76839082	76841042	0.255566426432341
chrX	76855946	76856106	0.215941067794365
chrX	76858885	76859605	0.315963145809765
chrX	76859748	76860508	0.450978524014860
chrX	76865488	76866128	0.233866606721313
chrX	76866996	76867276	0.389962365159233
chrX	76868772	76869052	0.195475984041573
chrX	76869962	76870242	0.400089627616123
chrX	76870363	76870883	0.502151513289488
chrX	76871486	76871766	0.809604959981152
chrX	76872068	76872308	0.793045069600259
chrX	76879892	76880172	0.054044983928335
chrX	76880470	76880710	0.205725838457615
chrX	76880971	76881131	-0.339921819346104
chrX	76881608	76881888	0.111822187552913
chrX	76884294	76884654	0.123413537929696
chrX	76888436	76888956	0.151377575565905
chrX	76889226	76889386	0.279836140962774
chrX	76889897	76890297	0.112972335436176
chrX	76890417	76890657	0.291792524199891
chrX	76891612	76891772	0.727196793198489
chrX	76892479	76892639	0.323393970398825
chrX	76899216	76899376	1.68780020009864
chrX	76899457	76899817	0.364991001331034
chrX	76900075	76900235	0.745147538157204
chrX	76901154	76901434	0.54531043031709
chrX	76902758	76903398	0.458513003349357
chrX	76904477	76905117	0.441258591321631
chrX	76906268	76907028	0.553390552338728
chrX	76907329	76907689	0.0749352172033872
chrX	76909423	76909543	0.734387831248622
chrX	76909831	76911191	0.134635130217596
chrX	76911716	76911956	0.0993692986777706
chrX	76912849	76913249	0.0637135541534066
chrX	76913515	76913915	0.104661598358826
chrX	76915253	76915613	0.285166614475075
chrX	76917422	76917542	0.302364374040780
chrX	76918185	76918345	0.291878829403309
chrX	76918438	76919078	0.199030675798981
chrX	76919610	76920010	0.418285285126168
chrX	76920276	76920396	0.288521994931752
chrX	76920894	76921054	0.41263107442376
chrX	76921400	76921560	0.426744542877453
chrX	76921873	76922473	0.114302046535898
chrX	76923619	76924619	0.236775482608337
chrX	76925411	76926251	0.0992750394282136
chrX	76926416	76927896	0.109509302496900
chrX	76927931	76928651	-0.513144162143307
chrX	76928774	76928934	0.098722607580913
chrX	76929216	76929456	0.331838531602987
chrX	76929763	76930043	0.76577580900668
chrX	76930579	76930739	0.335477649989758
chrX	76931369	76931489	0.979935165888111
chrX	76931974	76932254	0.0820647502086
chrX	76937553	76937713	-0.0763399034292693
chrX	86807213	86807693	0.179842596619973
chrX	86807974	86810174	0.335390857790374
chrX	86810584	86811544	0.0994302205522009
chrX	86811681	86811801	0.974471051458958
chrX	101854207	101854527	-1.16714425081883
chrX	101854561	101856281	-0.212439753139041
chrX	101856436	101858836	-0.154755405859351
chrX	118254357	118255277	-0.581213646342755
chrX	118255434	118255794	-0.144584036247947
chrX	118255924	118256204	-0.126787527458251
chrX	118256337	118256577	0.535825169027104
chrX	118256942	118260342	-0.0160981102011923
chrX	118261086	118261286	-0.0172074217241658
chrX	123339405	123343085	0.0966123895407485
chrX	123343109	123343349	0.139252333860051
chrX	123343408	123343888	0.115977437675668
chrX	123343924	123344044	-0.0373168299823972
chrX	139408623	139408863	0.435841663971022
chrX	139409190	139409790	-0.270462473373954
chrX	139410047	139410407	-0.187507494527473
chrX	139410499	139416763	-0.437702978749568
chrX	139416820	139418500	-0.438910764454597
chrX	139418794	139423154	-0.133331888815941
chrX	139423470	139423910	0.13950485881819
chrX	149363544	149363944	-0.0873464605629581
chrX	149364132	149364652	-0.299831197674036
chrX	149364694	149366014	0.0203280111256758
chrX	149366297	149367057	-0.0799205678788626
chrX	149367339	149368059	-0.0672800481093208
chrX	149368210	149368810	-0.371825135856748
chrX	149368999	149369399	-0.284288177580176
chrX	149369479	149370599	-0.205597133965172
chrX	149370667	149370947	-0.455055896681686
chrX	149371002	149371522	-0.112709209431896
chrX	149371838	149372118	-0.198592870102984
chrX	149372316	149372476	-0.362793415458703
chrX	149372773	149373653	-0.0197861364296288
chrX	149373901	149374421	0.359681367458418
chrX	149374703	149375183	-0.132163522150577
chrX	149375334	149376334	-0.262903347666305
chrX	149376885	149377365	-0.160167196042379
chrX	149377933	149378173	-0.0179227502988266
chrX	149378778	149378938	0.151437481669309
chrX	149379003	149381803	-0.126025298087631
chrX	149381887	149383007	-0.0423769625599657
chrX	149383130	149383530	-0.0935131192967398
chrX	149383568	149386248	-0.104076293470027
chrX	149386296	149386656	-0.315065990715412
chrX	149387139	149387899	-0.131161109037637
chrX	149387936	149388536	0.210246620979673
chrX	149388658	149390590	-0.273301302282392
chrX	149390624	149390864	-0.116325336292947
chrX	149391068	149391228	0.00897263727541109
chrX	149391762	149392002	-0.0788396285915183
chrX	149392217	149393057	-0.384920773070561
chrX	149393403	149394163	-0.280565998169619
chrX	149394296	149394536	0.153174511349431
chrX	149395052	149396052	-0.233601402962627
chrX	149396252	149400252	-0.050475967994255
chrX	149401453	149402693	0.0296996967293699
chrX	149402702	149403182	0.0265379221671376
chrX	149403234	149403834	0.0643614904648682
chrX	149403902	149404902	0.146235255780248
chrX	149405255	149405855	-0.336495557543131
chrX	149406143	149406543	0.0801545776294079
chrX	149406847	149407207	-0.173972104369238
chrX	149407333	149408093	0.0336657721838558
chrX	149408550	149408670	-0.477587814572364
chrX	149409096	149409576	-0.0137566610459121
chrX	149410275	149411515	-0.215897094534961
chrX	149411590	149411710	-0.480764934753972
chrX	149411795	149412395	-0.0378874733844814
chrX	149412554	149412714	-0.398957478438857
chrX	149414162	149414562	-0.637871581188159
chrX	149415032	149415192	-0.398762261844537
chrX	149415482	149416202	-0.192630241763874
chrX	149416502	149416782	-0.165751890905914
chrX	149417650	149418970	0.0547975249305774
chrX	149419296	149420776	0.00131842755258926
chrX	149421134	149422401	-0.309082799948732
chrX	149422561	149422721	-0.423359670029783
chrX	149422927	149424367	-0.190278109552478
chrX	149424397	149424677	-0.544266483913851
chrX	149424727	149425207	-0.135371766773635
chrX	149425340	149426940	-0.25365496200622
chrX	149427072	149427832	-0.418283290028136
chrX	149427952	149428232	-0.250574201284656
chrX	149428748	149429508	-0.35752983141289
chrX	149429599	149429999	-0.085807318942108
chrX	149430125	149430525	0.169896411689823
chrX	149430835	149431675	-0.392880322113832
chrX	149431703	149433263	-0.0588396255735517
chrX	149433284	149434724	-0.318279653683128
chrX	149435011	149435291	0.242788017403878
chrX	149435462	149435622	-0.0845993441822512
chrX	149435967	149436807	-0.232743335946307
chrX	149437485	149437845	-0.284423542768625
chrX	149440668	149441148	0.252003157469452
chrX	149442593	149443153	0.100808744234426
chrY	20326727	20331167	-10.6859170081537
