chr1	22306346	22342865	1
chr1	22342996	119791502	2
chr10	104580223	123221074	2
chr10	123221695	123222455	4
chr10	123222749	123237774	2
chr10	123238059	123238579	3
chr10	123238886	123247008	2
chr10	123247484	123248204	4
chr10	123248386	123263539	2
chr10	123263684	123268964	3
chr10	123268980	123269100	2
chr10	123269195	123270155	3
chr10	123270446	123294834	2
chr10	123295048	123295688	3
chr10	123295859	123350465	2
chr10	123350520	123351160	3
chr10	123353491	123357650	2
chr11	32355867	32360930	2
chr11	32361159	32362399	4
chr11	32362612	32403004	2
chr11	32403324	32418210	1
chr11	32418227	32423262	2
chr12	47767765	52113288	2
chr13	21140841	21161468	2
chr13	21161553	21162313	1
chr13	21163298	21182136	2
chr15	72407110	72445684	2
chr15	72446390	72447470	3
chr15	72447609	72456907	2
chr17	67618746	75380982	2
chr19	2200059	17793364	1
chr2	31593544	48773958	2
chr2	48774103	48775583	3
chr2	48776664	48841402	2
chr5	56141656	56199070	2
chr5	56201137	56201657	1
chr5	56201754	56209090	2
chr5	56210496	56213616	3
chr5	56213620	56230367	2
chr6	116703505	116708905	2
chr7	75373099	75395678	2
chr7	75395763	75396523	4
chr7	75396800	75411267	2
chr7	75412670	75413550	3
chr7	75413954	75445478	2
chr7	75446397	75450237	1
chr7	75450597	75455877	2
chr8	11571804	11593093	2
chr8	11593329	11593969	1
chr8	11594003	11659802	2
chr8	11660244	11660444	1
chr8	11660468	11661611	2
chr8	38116319	38116759	1
chr8	38117717	38118837	1
chr8	38118848	106400941	2
chr8	106500044	106886484	3
chr9	821839	98051002	2
chr9	98051401	98052721	1
chr9	98053007	98056184	2
chr9	98056354	98057234	3
chr9	98057791	98113105	2
chr9	126273300	126310431	1
chr9	126310557	126310797	1
chr9	126311366	126319523	2
chrX	3532371	23635035	2
chrX	24926719	24946674	1
chrX	24946712	76690137	2
chrX	76690255	86811801	3
chrX	101854561	149443153	2
chrY	20326727	20331167	1
